Количество элементов    Время bstree_lookup, с  Время hashtab_lookup, с
20000   0.0000002094    0.0000001244
40000   0.0000006284    0.0000001566
60000   0.0000004600    0.0000001418
80000   0.0000003794    0.0000001348
100000  0.0000003808    0.0000001364
120000  0.0000003636    0.0000001422
140000  0.0000004904    0.0000001864
160000  0.0000003792    0.0000001256
180000  0.0000003844    0.0000001434
200000  0.0000004478    0.0000001280
220000  0.0000004636    0.0000001576
240000  0.0000004176    0.0000001292
260000  0.0000004284    0.0000001392
280000  0.0000004604    0.0000001488
300000  0.0000004282    0.0000001410
320000  0.0000004648    0.0000001544
340000  0.0000004372    0.0000001440
360000  0.0000004530    0.0000001342
380000  0.0000004778    0.0000001372
400000  0.0000004410    0.0000001344
Количество элементов    Время bstree_max в худшем случае, с     Время bstree_max в среднем случае, с
20000   0.0079760759   0.0000000248
40000   0.0002694578    0.0000000250
60000   0.0005842741    0.0000000291
80000   0.0011855290    0.0000000279
100000  0.0015971439    0.0000000310
120000  0.0018829060    0.0000000281
140000  0.0024185741    0.0000000291
160000  0.0031185009    0.0000000360
180000  0.0034124122    0.0000000350
200000  0.0042839549    0.0000000651
220000  0.0040969572    0.0000000648
240000  0.0046910160    0.0000000660
260000  0.0025594730   0.0000000401
280000  0.0054537868    0.0000000389
300000  0.0056898170    0.0000000641
320000  0.0055763290    0.0000000632
340000  0.0065634508    0.0000000620
360000  0.0069699230    0.0000000670
380000  0.0074519901    0.0000000660
400000  0.0079587040    0.0000000422
Количество элементов    Время KP, с     Коллизии KP     Время XOR, с    Коллизии XOR
20000   0.0000001204    7436    0.0000001388    8029
40000   0.0000001268    22774   0.0000001038    23244
60000   0.0000001346    41048   0.0000001496    41236
80000   0.0000001650    60399   0.0000001416    60491
100000  0.0000001452    80162   0.0000001222    80181
120000  0.0000001762    100060  0.0000001202    100067
140000  0.0000001562    120020  0.0000001642    120029
160000  0.0000001522    140005  0.0000001372    140011
180000  0.0000001374    160001  0.0000001164    160002
200000  0.0000001214    180000  0.0000001104    180000
220000  0.0000001962    200000  0.0000001824    200000
240000  0.0000001324    220000  0.0000001188    220000
260000  0.0000001628    240000  0.0000001262    240000
280000  0.0000001628    260000  0.0000001396    260000
300000  0.0000001312    280000  0.0000001226    280000
320000  0.0000001544    300000  0.0000001570    300000
340000  0.0000001296    320000  0.0000001130    320000
360000  0.0000001446    340000  0.0000001332    340000
380000  0.0000001292    360000  0.0000001308    360000
400000  0.0000001368    380000  0.0000001226    380000