Эксперимент №1
Количество элементов	Время bstree_lookup, с	Время hashtab_lookup, с
20000	0.0000002624	0.0000001850
40000	0.0000006734	0.0000001450
60000	0.0000005178	0.0000001442
80000	0.0000004062	0.0000001702
100000	0.0000003974	0.0000001220
120000	0.0000004168	0.0000001732
140000	0.0000004010	0.0000001612
160000	0.0000004042	0.0000001272
180000	0.0000003696	0.0000001202
200000	0.0000004454	0.0000001220
220000	0.0000004068	0.0000001456
240000	0.0000004152	0.0000001282
260000	0.0000004208	0.0000001214
280000	0.0000004068	0.0000001128
300000	0.0000004296	0.0000001240
320000	0.0000004624	0.0000001192
340000	0.0000004342	0.0000001216
360000	0.0000004564	0.0000001170
380000	0.0000004422	0.0000001186
400000	0.0000004532	0.0000001178

Эксперимент №5
Количество элементов	Время bstree_max в худшем случае, с	Время bstree_max в среднем случае, с
20000	0.0001321211	0.0000000410
40000	0.0002813940	0.0000000370
60000	0.0005875568	0.0000000250
80000	0.0008264391	0.0000000300
100000	0.0010775580	0.0000000291
120000	0.0016091371	0.0000000279
140000	0.0024495602	0.0000000379
160000	0.0036652620	0.0000000350
180000	0.0041718950	0.0000000331
200000	0.0041108990	0.0000000381
220000	0.0031527150	0.0000000389
240000	0.0049369640	0.0000000360
260000	0.0055351369	0.0000000401
280000	0.0057912219	0.0000000350
300000	0.0138198140	0.0000000620
320000	0.0068756671	0.0000000339
340000	0.0074466970	0.0000000350
360000	0.0076923149	0.0000000350
380000	0.0081688681	0.0000000381
400000	0.0083962951	0.0000000350

Эксперимент №6
Количество элементов	Время KP, с	Коллизии KP	Время XOR, с	Коллизии XOR
20000	0.0000001158	7436	0.0000001172	8029
40000	0.0000001374	22774	0.0000001086	23244
60000	0.0000001228	41048	0.0000001156	41236
80000	0.0000001304	60399	0.0000001226	60491
100000	0.0000001314	80162	0.0000001336	80181
120000	0.0000001368	100060	0.0000001152	100067
140000	0.0000001406	120020	0.0000001322	120029
160000	0.0000001320	140005	0.0000001280	140011
180000	0.0000001300	160001	0.0000001440	160002
200000	0.0000001146	180000	0.0000001148	180000
220000	0.0000001234	200000	0.0000001168	200000
240000	0.0000001192	220000	0.0000001242	220000
260000	0.0000002178	240000	0.0000001958	240000
280000	0.0000002350	260000	0.0000001958	260000
300000	0.0000002470	280000	0.0000002346	280000
320000	0.0000002568	300000	0.0000002322	300000
340000	0.0000002778	320000	0.0000002346	320000
360000	0.0000002672	340000	0.0000002254	340000
380000	0.0000002502	360000	0.0000002344	360000
400000	0.0000002580	380000	0.0000002448	380000
